
en
LAYOUT(mode)        -3        -2        -1        0         1         2         3         alt       not_found 
grawerty(ang)       0.248     1.11      5.374     1.398     3.178     8.026     12.118    70.763    0.19      
canary(ang)         0.506     1.529     4.173     3.613     3.645     8.718     17.516    62.515    0.19      
graphite-ang(ang)   0.618     4.808     3.987     0.895     2.968     7.518     10.728    70.883    0.0       
workman(ang)        0.665     4.235     5.518     2.343     4.378     13.092    14.566    57.418    0.19      
comet(ang)          0.687     2.244     4.052     4.051     4.533     7.0       10.73     69.108    0.0       
workman(std)        0.688     5.251     5.661     2.39      4.19      12.223    14.394    57.418    0.19      
gallium-v2(std)     0.815     4.438     4.239     0.921     3.782     7.312     9.945     70.763    0.19      
northstar(ang)      0.962     2.244     4.156     1.276     3.163     9.451     10.2      70.763    0.19      
colemak(ang)        1.087     2.772     5.441     5.351     5.698     10.396    11.339    60.131    0.19      
colemak(std)        1.093     3.757     5.889     5.4       5.645     9.409     10.891    60.131    0.19      
sturdy-ang(ang)     1.13      2.678     4.126     2.117     3.674     9.543     14.462    64.485    0.19      
focal-ang(ang)      1.251     2.932     3.973     1.206     4.097     7.341     13.232    68.183    0.19      
beakl19bis(std)     1.403     5.12      4.248     2.523     1.886     6.032     7.466     73.537    0.19      
kuntem(ang)         1.45      3.038     4.559     2.347     4.609     11.732    7.321     67.159    0.19      
anymak:end(ang)     1.496     4.585     4.248     1.245     3.051     7.219     6.81      73.561    0.19      
ctgap-ang(ang)      1.682     2.056     4.266     1.007     2.74      8.381     12.406    69.677    0.19      
apt-V3(ang)         1.951     2.778     3.918     1.407     5.072     8.486     14.175    64.428    0.19      
colemak-dh(ang)     1.977     2.92      4.995     2.712     6.174     9.947     13.359    60.131    0.19      
dvorak(std)         2.21      3.271     4.671     1.66      6.213     4.362     7.219     72.799    0.0       
qwerty(ang)         2.476     3.428     8.286     7.727     12.706    10.736    2.496     54.36     0.19      
qwerty(std)         2.963     5.062     8.466     7.73      11.572    9.749     2.313     54.36     0.19      
