
ru
LAYOUT(mode)        -3        -2        -1        0         1         2         3         alt       not_found 
statica(ang)        0.918     1.178     3.034     1.766     3.187     5.675     10.679    75.224    0.148     
komfort(ang)        1.038     1.228     5.227     2.713     3.349     2.841     7.208     78.057    0.148     
zubachev(ang)       1.434     2.368     3.813     2.715     2.241     5.018     4.987     77.932    1.301     
zubachev(std)       1.777     2.281     3.958     2.792     1.874     5.003     4.891     77.932    1.301     
kharlamak(ang)      1.799     1.123     3.04      2.237     5.643     5.473     4.755     75.939    1.8       
diktor(std)         3.214     2.31      5.161     1.557     2.492     2.045     5.32      79.562    0.148     
ycuken(ang)         5.853     5.591     17.696    3.701     3.986     1.453     6.855     55.373    1.301     
ycuken(std)         6.2       5.139     19.061    4.145     2.947     1.429     6.214     55.373    1.301     
