LEFT ARM (Angle Mod)

| 1 | 2 | 3 | 4 | 5 |
 -----------------
 | 6 | 7 | 8 | 9 | 10|
 -----------------
   | 11| 12| 13| 14| 15|

13 - index finger
12 - middle finger
11 - ring finger


**  1  2  3  4  5  6  7  8  9 10 11 12 13 14 15
-----------------------------------------------
01 -3  1 -2  1  1 -3 -3 -3  2  1 -3 -3  1  1 -2
02 -1 -1  2  2  0 -3 -1 -2  3  0 -2 -3  2  0 -2
03 -2  2 -1  2  0 -2  1 -1  3 -1 -3 -2  1  0 -3
04  1  2  2 -1 -1  1  1  1 -1 -2 -2 -3 -2 -2 -3
05  1  0  0 -1 -1  0  0  0 -1 -1 -2 -3 -3 -2 -3
06 -3  0 -2  1  1 -3  2 -2  2  2 -3 -3  2  2  0
07 -3 -1  3  2  1 -1 -1  3  3  2 -1 -2  3  3 -2
08 -3 -2 -1  1  0 -2  3 -1  3  0  0 -1  3  2 -2
09  2  3  3 -1 -1  2  3  3 -1 -1  0  0 -1 -1 -2
10  1  1 -1 -2 -1  2  1  0 -1 -1 -1 -1 -2 -1 -1 
11 -3 -2 -3 -2 -2 -3 -1  1  0 -1 -1  1  1  0 -3
12 -2 -3 -2 -3 -3 -3  2 -1  1 -2  1 -1  1 -1 -3
13  1  2  1 -2 -3  2  3  3 -1 -2  1  1 -1 -1 -3
14  1  1  0 -2 -2  2  3  2 -1 -1  0 -1 -1 -1 -2
15 -2 -2 -3 -3 -3  0 -1 -1 -2 -1 -3 -3 -3 -2 -2

Copy this matrics of efforts to file 'left_angle' (without strings and columns numeration)

LEFT ARM

| 1 | 2 | 3 | 4 | 5 |
 -----------------
 | 6 | 7 | 8 | 9 | 10|
 -----------------
   | 11| 12| 13| 14| 15|

14 - index finger
13 - middle finger
12 - ring finger


**  1  2  3  4  5  6  7  8  9 10 11 12 13 14 15
-----------------------------------------------
01 -3  1 -2  1  1 -3 -3 -3  2  1 -3 -3 -2  1 -2
02 -1 -1  2  2  0 -3 -1 -2  3  0 -3 -2 -3  0 -2
03 -2  2 -1  2  0 -2  1 -1  3 -1 -3 -3 -2  0 -3
04  1  2  2 -1 -1  1  1  1 -1 -2 -2 -3 -3 -2 -3
05  1  0  0 -1 -1  0  0  0 -1 -1 -2 -3 -3 -2 -3
06 -3  0 -2  1  1 -3  2 -2  2  2 -3 -3 -2  2  0
07 -3 -1  3  2  1 -1 -1  3  3  2 -3 -1 -1  3 -2
08 -3 -2 -1  1  0 -2  3 -1  3  0  0 -1 -1  2 -2
09  2  3  3 -1 -1  2  3  3 -1 -1  0  0 -1 -1 -2
10  1  1 -1 -2 -1  2  1  0 -1 -1  0 -1 -1 -1 -1 
11 -3 -3 -3 -2 -2 -3 -3 -1  1  0 -3  1 -1  1 -1
12 -3 -2 -2 -3 -3 -3 -2  1  0  0 -1 -1  1  1 -2
13 -2 -3 -2 -3 -3 -2 -1 -1 -1  0 -1  1 -1  1 -1
14  1  1  0 -2 -2  2  3  2 -1 -1  1  1  1 -1 -2
15 -2 -2 -3 -3 -3  0 -1 -1 -2 -1 -3 -3 -3 -2 -2

Copy this matrics of efforts to file 'left' (without strings and columns numeration)

RIGHT ARM

| 1 | 2 | 3 | 4 | 5 | 6 | 7 |
     -----------------
 | 8 | 9 | 10| 11| 12| 13|
     -----------------
   | 14| 15| 16| 17| 18|

**  1  2  3  4  5  6  7  8  9 10 11 12 13 14 15 16 17 18
--------------------------------------------------------
01 -1 -1  0  0  1 -2 -3 -1 -1 -1 -1  0 -1 -2 -3 -3 -2 -2
02 -1 -1  2  2  1  0 -3 -1 -1  1  1  1  0 -2 -2 -3 -1 -1
03  0  2 -1  2 -2 -3 -3  0  3 -1  2 -2 -2  0  1 -2 -3 -3
04  0  2  2 -1 -1 -2 -3  1  3  1 -1 -3 -2  1  2 -3 -2 -3
05  1  1 -2  1 -3 -3 -3  1  2 -3 -3 -3 -3  1  1 -3 -3 -3
06 -2  0 -2 -2 -3 -3 -3 -1  1 -3 -3 -3 -3 -1  0 -3 -3 -3
07 -3 -3 -3 -3 -3 -3 -3 -3 -3 -3 -3 -3 -3 -3 -3 -3 -3 -3
08 -1 -1  0  1  1 -1 -3 -1 -1  0  0  1 -1 -1 -2 -2 -1 -1
09 -1 -1  3  3  2  1 -3 -1 -1  3  3  2  1 -1 -1  0  0  0
10 -1  1 -1  2 -3 -3 -3  0  3 -1  3 -2 -2  2  3 -1  0 -1
11 -1  2  3 -1 -3 -3 -3  1  3  3 -1 -1 -2  3  3 -1 -1 -3
12  0  1 -2 -2 -3 -3 -3  2  2 -2  2 -3 -3  2  2 -3 -3 -3
13 -1  0 -2 -2 -3 -3 -3 -1  1 -2 -2 -3 -3  0  1 -3 -2 -3
14 -2 -2  1  1  1 -1 -3 -1 -1  2  3  2  0 -1 -1 -1  0  1
15 -3 -2  1  2  1  0 -3 -2 -1  3  3  2  1 -1 -1  1  1  1
16 -3 -3 -2 -3 -3 -3 -3 -2  1 -1  2 -3 -3 -1  1 -1  1 -1
17 -2 -1 -3 -2 -3 -3 -3 -1  0  1 -1 -3 -2  0  1  1 -1 -1
18 -2 -1 -3 -3 -3 -3 -3  0  0  0 -2 -3 -3  1  1  0  1 -3

Copy this matrics of efforts to file 'right' (without strings and columns numeration)

